44 219 237 1
46 188 237 1
46 233 237 1
48 260 226 1
53 130 237 1
54 145 237 1
54 301 215 1
56 310 215 1
60 101 226 1
60 254 226 1
63 85 226 1
72 62 226 1
75 181 61 1
85 38 226 1
90 320 204 1
92 225 226 1
93 135 237 1
98 334 204 1
103 300 215 1
104 25 215 1
117 350 193 1
140 181 237 1
145 313 193 1
148 283 226 1
148 346 182 1
152 49 204 1
156 198 61 1
156 232 237 0
157 246 61 1
162 288 193 1
169 278 204 1
171 265 72 1
173 214 61 0
179 105 193 0
179 248 83 1
182 281 344 1
183 263 94 1
186 300 355 1
189 142 6 1
192 194 17 1
194 227 94 1
202 207 160 0
208 187 333 0
212 297 344 1
220 330 344 0
222 96 149 1
224 159 311 1
233 293 322 1
254 81 322 1
254 313 333 1
256 202 300 0
262 148 311 1
269 285 311 1
272 352 333 1
275 150 116 1
279 144 300 0
281 339 322 1
286 306 322 1
288 118 127 1
294 291 311 1
309 112 127 1
312 54 322 1
312 239 300 1
313 216 300 1
314 86 311 1
319 165 300 1
320 185 300 1
321 108 311 1
321 120 311 1
322 134 311 1
322 149 300 1
